자치구,동,세대,전체,남자,여자,한국인전체,한국인남자,한국인여자,외국인전체,외국인남자,외국인여자,세대당인구,65세이상
종로구,소계,74151 ,161984 ,78271 ,83713 ,151217 ,73704 ,77513 ,10767 ,4567 ,6200 ,2 ,28073 
종로구,사직동,4668 ,9841 ,4469 ,5372 ,9553 ,4309 ,5244 ,288 ,160 ,128 ,2 ,1818 
종로구,삼청동,1375 ,2993 ,1435 ,1558 ,2749 ,1320 ,1429 ,244 ,115 ,129 ,2 ,679 
종로구,부암동,4346 ,10597 ,5042 ,5555 ,10164 ,4835 ,5329 ,433 ,207 ,226 ,2 ,1799 
종로구,평창동,7504 ,18768 ,8807 ,9961 ,18609 ,8733 ,9876 ,159 ,74 ,85 ,2 ,3335 
종로구,무악동,3196 ,8767 ,4074 ,4693 ,8720 ,4054 ,4666 ,47 ,20 ,27 ,3 ,1438 
종로구,교남동,4593 ,10750 ,5001 ,5749 ,10603 ,4930 ,5673 ,147 ,71 ,76 ,2 ,1601 
종로구,가회동,2064 ,4464 ,2070 ,2394 ,4361 ,2013 ,2348 ,103 ,57 ,46 ,2 ,930 
종로구,종로1.2.3.4가동,5200 ,8539 ,4964 ,3575 ,7230 ,4331 ,2899 ,1309 ,633 ,676 ,1 ,1950 
종로구,종로5·6가동,3402 ,5853 ,3180 ,2673 ,5368 ,2915 ,2453 ,485 ,265 ,220 ,2 ,1138 
종로구,이화동,4437 ,8460 ,3879 ,4581 ,7828 ,3683 ,4145 ,632 ,196 ,436 ,2 ,1404 
종로구,창신1동,2949 ,6046 ,3240 ,2806 ,5188 ,2797 ,2391 ,858 ,443 ,415 ,2 ,1244 
종로구,창신2동,4146 ,9776 ,4980 ,4796 ,8503 ,4362 ,4141 ,1273 ,618 ,655 ,2 ,1733 
종로구,창신3동,2891 ,7230 ,3558 ,3672 ,7057 ,3468 ,3589 ,173 ,90 ,83 ,2 ,1228 
종로구,숭인1동,2968 ,6508 ,3154 ,3354 ,6174 ,3007 ,3167 ,334 ,147 ,187 ,2 ,1182 
종로구,숭인2동,5796 ,9965 ,5027 ,4938 ,9508 ,4862 ,4646 ,457 ,165 ,292 ,2 ,1695 
종로구,청운효자동,5388 ,12960 ,6064 ,6896 ,12723 ,5934 ,6789 ,237 ,130 ,107 ,2 ,2237 
종로구,혜화동,9228 ,20467 ,9327 ,11140 ,16879 ,8151 ,8728 ,3588 ,1176 ,2412 ,2 ,2662 
중구,소계,63045 ,136469 ,66769 ,69700 ,126175 ,61839 ,64336 ,10294 ,4930 ,5364 ,2 ,23794 
중구,소공동,1124 ,3057 ,1539 ,1518 ,2117 ,1020 ,1097 ,940 ,519 ,421 ,2 ,298 
중구,회현동,3118 ,5812 ,3134 ,2678 ,5217 ,2807 ,2410 ,595 ,327 ,268 ,2 ,1509 
중구,명동,1569 ,3649 ,1626 ,2023 ,2981 ,1265 ,1716 ,668 ,361 ,307 ,2 ,782 
중구,필동,2295 ,4904 ,2425 ,2479 ,3942 ,2028 ,1914 ,962 ,397 ,565 ,2 ,838 
중구,장충동,2715 ,5573 ,2749 ,2824 ,4685 ,2376 ,2309 ,888 ,373 ,515 ,2 ,823 
중구,광희동,2990 ,6427 ,3368 ,3059 ,4931 ,2604 ,2327 ,1496 ,764 ,732 ,2 ,1192 
중구,을지로동,1355 ,2012 ,1196 ,816 ,1820 ,1099 ,721 ,192 ,97 ,95 ,1 ,500 
중구,신당5동,5324 ,10969 ,5350 ,5619 ,10600 ,5187 ,5413 ,369 ,163 ,206 ,2 ,1742 
중구,황학동,6924 ,13779 ,6601 ,7178 ,12728 ,6107 ,6621 ,1051 ,494 ,557 ,2 ,1961 
중구,중림동,5850 ,12925 ,6479 ,6446 ,12608 ,6313 ,6295 ,317 ,166 ,151 ,2 ,2056 
중구,신당동,4461 ,9236 ,4504 ,4732 ,7530 ,3751 ,3779 ,1706 ,753 ,953 ,2 ,1393 
중구,다산동,6975 ,15028 ,7297 ,7731 ,14503 ,7082 ,7421 ,525 ,215 ,310 ,2 ,2618 
중구,약수동,7820 ,17696 ,8346 ,9350 ,17486 ,8235 ,9251 ,210 ,111 ,99 ,2 ,3667 
중구,청구동,6350 ,14379 ,6840 ,7539 ,14166 ,6727 ,7439 ,213 ,113 ,100 ,2 ,2614 
중구,동화동,4175 ,11023 ,5315 ,5708 ,10861 ,5238 ,5623 ,162 ,77 ,85 ,3 ,1801 
용산구,소계,110895 ,246165 ,119961 ,126204 ,229579 ,110667 ,118912 ,16586 ,9294 ,7292 ,2 ,39439 
용산구,후암동,8561 ,18377 ,8970 ,9407 ,17820 ,8675 ,9145 ,557 ,295 ,262 ,2 ,3054 
용산구,용산2가동,5437 ,11789 ,5750 ,6039 ,10362 ,4997 ,5365 ,1427 ,753 ,674 ,2 ,2097 
용산구,남영동,5451 ,8395 ,5063 ,3332 ,7779 ,4759 ,3020 ,616 ,304 ,312 ,1 ,1641 
용산구,원효로2동,6004 ,14578 ,6850 ,7728 ,14422 ,6785 ,7637 ,156 ,65 ,91 ,2 ,2379 
용산구,효창동,4284 ,10363 ,4939 ,5424 ,10236 ,4872 ,5364 ,127 ,67 ,60 ,2 ,1450 
용산구,용문동,5403 ,12554 ,6014 ,6540 ,12413 ,5947 ,6466 ,141 ,67 ,74 ,2 ,2053 
용산구,이촌1동,10331 ,29428 ,13826 ,15602 ,28563 ,13364 ,15199 ,865 ,462 ,403 ,3 ,4500 
용산구,이촌2동,3829 ,8926 ,4195 ,4731 ,8823 ,4150 ,4673 ,103 ,45 ,58 ,2 ,1761 
용산구,이태원1동,3758 ,9191 ,4826 ,4365 ,6844 ,3237 ,3607 ,2347 ,1589 ,758 ,2 ,1595 
용산구,이태원2동,4913 ,10878 ,5125 ,5753 ,9287 ,4280 ,5007 ,1591 ,845 ,746 ,2 ,1910 
용산구,서빙고동,5294 ,14164 ,6840 ,7324 ,13386 ,6440 ,6946 ,778 ,400 ,378 ,3 ,2084 
용산구,보광동,7640 ,15997 ,8210 ,7787 ,14285 ,7027 ,7258 ,1712 ,1183 ,529 ,2 ,2778 
용산구,청파동,10930 ,20768 ,9677 ,11091 ,19905 ,9402 ,10503 ,863 ,275 ,588 ,2 ,3336 
용산구,원효로1동,7901 ,16737 ,8100 ,8637 ,16098 ,7766 ,8332 ,639 ,334 ,305 ,2 ,1989 
용산구,한강로동,9882 ,19884 ,9687 ,10197 ,18219 ,8802 ,9417 ,1665 ,885 ,780 ,2 ,3086 
용산구,한남동,11277 ,24136 ,11889 ,12247 ,21137 ,10164 ,10973 ,2999 ,1725 ,1274 ,2 ,3726 
성동구,소계,135643 ,307193 ,149891 ,157302 ,299042 ,146300 ,152742 ,8151 ,3591 ,4560 ,2 ,44728 
성동구,왕십리2동,7610 ,17755 ,8643 ,9112 ,17340 ,8449 ,8891 ,415 ,194 ,221 ,2 ,2528 
성동구,마장동,10864 ,23927 ,11710 ,12217 ,23211 ,11441 ,11770 ,716 ,269 ,447 ,2 ,3737 
성동구,사근동,7473 ,13625 ,6742 ,6883 ,11726 ,6010 ,5716 ,1899 ,732 ,1167 ,2 ,1490 
성동구,행당1동,7043 ,15887 ,7658 ,8229 ,15422 ,7467 ,7955 ,465 ,191 ,274 ,2 ,2308 
성동구,행당2동,9453 ,24543 ,11552 ,12991 ,24453 ,11516 ,12937 ,90 ,36 ,54 ,3 ,3637 
성동구,응봉동,6163 ,16066 ,7599 ,8467 ,15996 ,7574 ,8422 ,70 ,25 ,45 ,3 ,2502 
성동구,금호1가동,6630 ,15885 ,7613 ,8272 ,15787 ,7568 ,8219 ,98 ,45 ,53 ,2 ,2426 
성동구,금호4가동,6424 ,15041 ,7188 ,7853 ,14903 ,7125 ,7778 ,138 ,63 ,75 ,2 ,2268 
성동구,성수1가1동,7581 ,17087 ,8567 ,8520 ,16756 ,8381 ,8375 ,331 ,186 ,145 ,2 ,2116 
성동구,성수1가2동,6679 ,14430 ,7149 ,7281 ,14049 ,6971 ,7078 ,381 ,178 ,203 ,2 ,1940 
성동구,성수2가1동,8505 ,17683 ,9205 ,8478 ,17044 ,8907 ,8137 ,639 ,298 ,341 ,2 ,2808 
성동구,성수2가3동,5715 ,11673 ,5973 ,5700 ,11340 ,5790 ,5550 ,333 ,183 ,150 ,2 ,1810 
성동구,송정동,5528 ,11388 ,5987 ,5401 ,10936 ,5752 ,5184 ,452 ,235 ,217 ,2 ,1714 
성동구,용답동,6802 ,13284 ,6945 ,6339 ,12146 ,6456 ,5690 ,1138 ,489 ,649 ,2 ,2178 
성동구,왕십리도선동,11810 ,27756 ,13232 ,14524 ,27247 ,13009 ,14238 ,509 ,223 ,286 ,2 ,3557 
성동구,금호2.3가동,10340 ,24029 ,11431 ,12598 ,23826 ,11339 ,12487 ,203 ,92 ,111 ,2 ,3835 
성동구,옥수동,11023 ,27134 ,12697 ,14437 ,26860 ,12545 ,14315 ,274 ,152 ,122 ,2 ,3874 
광진구,소계,165287 ,365990 ,176226 ,189764 ,350417 ,169568 ,180849 ,15573 ,6658 ,8915 ,2 ,48989 
광진구,화양동,16383 ,25628 ,11689 ,13939 ,22186 ,10505 ,11681 ,3442 ,1184 ,2258 ,1 ,2276 
광진구,군자동,10813 ,22174 ,10890 ,11284 ,19888 ,9824 ,10064 ,2286 ,1066 ,1220 ,2 ,2909 
광진구,중곡1동,8102 ,16257 ,7938 ,8319 ,15808 ,7746 ,8062 ,449 ,192 ,257 ,2 ,2408 
광진구,중곡2동,10578 ,22613 ,10771 ,11842 ,22278 ,10630 ,11648 ,335 ,141 ,194 ,2 ,3114 
광진구,중곡3동,8483 ,17191 ,8517 ,8674 ,16936 ,8426 ,8510 ,255 ,91 ,164 ,2 ,2711 
광진구,중곡4동,13221 ,30432 ,14937 ,15495 ,30014 ,14774 ,15240 ,418 ,163 ,255 ,2 ,4835 
광진구,능동,6387 ,11991 ,5542 ,6449 ,11600 ,5343 ,6257 ,391 ,199 ,192 ,2 ,1589 
광진구,구의1동,12060 ,23156 ,11016 ,12140 ,22405 ,10676 ,11729 ,751 ,340 ,411 ,2 ,3042 
광진구,구의2동,11617 ,27772 ,13357 ,14415 ,27301 ,13151 ,14150 ,471 ,206 ,265 ,2 ,4114 
광진구,구의3동,12146 ,29915 ,14262 ,15653 ,29602 ,14106 ,15496 ,313 ,156 ,157 ,2 ,3820 
광진구,광장동,12040 ,36051 ,17410 ,18641 ,35872 ,17325 ,18547 ,179 ,85 ,94 ,3 ,3591 
광진구,자양1동,11569 ,24030 ,11526 ,12504 ,22946 ,11049 ,11897 ,1084 ,477 ,607 ,2 ,3284 
광진구,자양2동,11217 ,26694 ,13062 ,13632 ,26265 ,12860 ,13405 ,429 ,202 ,227 ,2 ,3776 
광진구,자양3동,11048 ,29264 ,14074 ,15190 ,28980 ,13956 ,15024 ,284 ,118 ,166 ,3 ,3904 
광진구,자양4동,9623 ,22822 ,11235 ,11587 ,18336 ,9197 ,9139 ,4486 ,2038 ,2448 ,2 ,3616 
동대문구,소계,165279 ,362793 ,178202 ,184591 ,346156 ,171896 ,174260 ,16637 ,6306 ,10331 ,2 ,60367 
동대문구,회기동,6020 ,12961 ,5858 ,7103 ,10261 ,4901 ,5360 ,2700 ,957 ,1743 ,2 ,1524 
동대문구,휘경1동,7408 ,16305 ,7802 ,8503 ,14346 ,7070 ,7276 ,1959 ,732 ,1227 ,2 ,2328 
동대문구,휘경2동,11605 ,25104 ,12358 ,12746 ,24355 ,12090 ,12265 ,749 ,268 ,481 ,2 ,3818 
동대문구,청량리동,10434 ,21656 ,10812 ,10844 ,21017 ,10513 ,10504 ,639 ,299 ,340 ,2 ,5288 
동대문구,용신동,17688 ,32455 ,16481 ,15974 ,30926 ,15810 ,15116 ,1529 ,671 ,858 ,2 ,5568 
동대문구,제기동,13034 ,27295 ,13654 ,13641 ,24888 ,12785 ,12103 ,2407 ,869 ,1538 ,2 ,5552 
동대문구,전농1동,15098 ,31136 ,15592 ,15544 ,30587 ,15370 ,15217 ,549 ,222 ,327 ,2 ,5455 
동대문구,전농2동,7733 ,19879 ,9490 ,10389 ,19415 ,9326 ,10089 ,464 ,164 ,300 ,3 ,3548 
동대문구,답십리2동,12990 ,30393 ,14821 ,15572 ,30066 ,14666 ,15400 ,327 ,155 ,172 ,2 ,5368 
동대문구,장안1동,17783 ,39284 ,19519 ,19765 ,38633 ,19240 ,19393 ,651 ,279 ,372 ,2 ,6114 
동대문구,장안2동,13769 ,33395 ,16714 ,16681 ,33074 ,16582 ,16492 ,321 ,132 ,189 ,2 ,4853 
동대문구,이문1동,10435 ,22067 ,10421 ,11646 ,18680 ,9279 ,9401 ,3387 ,1142 ,2245 ,2 ,3251 
동대문구,이문2동,8552 ,21220 ,10318 ,10902 ,20704 ,10094 ,10610 ,516 ,224 ,292 ,2 ,3737 
동대문구,답십리1동,12730 ,29643 ,14362 ,15281 ,29204 ,14170 ,15034 ,439 ,192 ,247 ,2 ,3963 
중랑구,소계,182220 ,400678 ,198122 ,202556 ,395619 ,196076 ,199543 ,5059 ,2046 ,3013 ,2 ,66764 
중랑구,면목2동,12265 ,25783 ,12869 ,12914 ,25434 ,12740 ,12694 ,349 ,129 ,220 ,2 ,4327 
중랑구,면목4동,9203 ,19887 ,9888 ,9999 ,19583 ,9766 ,9817 ,304 ,122 ,182 ,2 ,3597 
중랑구,면목5동,4489 ,9672 ,4925 ,4747 ,9546 ,4877 ,4669 ,126 ,48 ,78 ,2 ,1639 
중랑구,면목7동,10457 ,22763 ,11354 ,11409 ,22422 ,11216 ,11206 ,341 ,138 ,203 ,2 ,4053 
중랑구,상봉1동,10276 ,25334 ,12369 ,12965 ,25157 ,12303 ,12854 ,177 ,66 ,111 ,2 ,3508 
중랑구,상봉2동,11290 ,20044 ,9757 ,10287 ,19723 ,9621 ,10102 ,321 ,136 ,185 ,2 ,2881 
중랑구,중화1동,9049 ,20832 ,10221 ,10611 ,20639 ,10145 ,10494 ,193 ,76 ,117 ,2 ,3385 
중랑구,중화2동,13993 ,26823 ,13788 ,13035 ,26294 ,13545 ,12749 ,529 ,243 ,286 ,2 ,4845 
중랑구,묵1동,14705 ,35969 ,17448 ,18521 ,35784 ,17390 ,18394 ,185 ,58 ,127 ,2 ,5553 
중랑구,묵2동,9179 ,19822 ,9720 ,10102 ,19580 ,9634 ,9946 ,242 ,86 ,156 ,2 ,3337 
중랑구,망우3동,8437 ,17835 ,8942 ,8893 ,17449 ,8788 ,8661 ,386 ,154 ,232 ,2 ,3142 
중랑구,신내1동,14863 ,40670 ,19851 ,20819 ,40529 ,19787 ,20742 ,141 ,64 ,77 ,3 ,6401 
중랑구,신내2동,9044 ,21729 ,10352 ,11377 ,21631 ,10319 ,11312 ,98 ,33 ,65 ,2 ,3753 
중랑구,면목본동,17655 ,36088 ,17875 ,18213 ,35222 ,17504 ,17718 ,866 ,371 ,495 ,2 ,5863 
중랑구,면목3.8동,12582 ,26478 ,13165 ,13313 ,26028 ,12981 ,13047 ,450 ,184 ,266 ,2 ,4769 
중랑구,망우본동,14733 ,30949 ,15598 ,15351 ,30598 ,15460 ,15138 ,351 ,138 ,213 ,2 ,5711 
성북구,소계,193801 ,454532 ,218561 ,235971 ,442494 ,213926 ,228568 ,12038 ,4635 ,7403 ,2 ,72172 
성북구,돈암1동,6256 ,15815 ,7391 ,8424 ,15708 ,7352 ,8356 ,107 ,39 ,68 ,3 ,2790 
성북구,돈암2동,8646 ,24923 ,11905 ,13018 ,24830 ,11860 ,12970 ,93 ,45 ,48 ,3 ,3326 
성북구,안암동,9302 ,17574 ,8589 ,8985 ,15480 ,7842 ,7638 ,2094 ,747 ,1347 ,2 ,2187 
성북구,보문동,7959 ,16617 ,7999 ,8618 ,16236 ,7842 ,8394 ,381 ,157 ,224 ,2 ,2391 
성북구,정릉1동,7490 ,19399 ,9320 ,10079 ,18937 ,9183 ,9754 ,462 ,137 ,325 ,3 ,3011 
성북구,정릉2동,9679 ,23819 ,11551 ,12268 ,23535 ,11450 ,12085 ,284 ,101 ,183 ,2 ,4266 
성북구,정릉3동,7779 ,17180 ,8461 ,8719 ,15570 ,7742 ,7828 ,1610 ,719 ,891 ,2 ,3228 
성북구,정릉4동,10978 ,26547 ,12802 ,13745 ,26145 ,12646 ,13499 ,402 ,156 ,246 ,2 ,4704 
성북구,길음1동,12813 ,36971 ,17586 ,19385 ,36775 ,17505 ,19270 ,196 ,81 ,115 ,3 ,4335 
성북구,길음2동,7076 ,17226 ,8308 ,8918 ,17089 ,8249 ,8840 ,137 ,59 ,78 ,2 ,2480 
성북구,월곡1동,10812 ,27371 ,13230 ,14141 ,27167 ,13157 ,14010 ,204 ,73 ,131 ,3 ,4516 
성북구,월곡2동,9385 ,20705 ,9988 ,10717 ,20120 ,9726 ,10394 ,585 ,262 ,323 ,2 ,3479 
성북구,장위1동,9027 ,20571 ,10028 ,10543 ,20367 ,9964 ,10403 ,204 ,64 ,140 ,2 ,3626 
성북구,장위2동,6367 ,14043 ,6951 ,7092 ,13815 ,6851 ,6964 ,228 ,100 ,128 ,2 ,3060 
성북구,장위3동,7354 ,18125 ,9013 ,9112 ,17913 ,8916 ,8997 ,212 ,97 ,115 ,2 ,2445 
성북구,성북동,8147 ,17615 ,8255 ,9360 ,17067 ,8033 ,9034 ,548 ,222 ,326 ,2 ,3083 
성북구,삼선동,11951 ,25048 ,11896 ,13152 ,24390 ,11625 ,12765 ,658 ,271 ,387 ,2 ,3901 
성북구,동선동,9181 ,16379 ,6786 ,9593 ,15523 ,6562 ,8961 ,856 ,224 ,632 ,2 ,2240 
성북구,종암동,17189 ,41881 ,20350 ,21531 ,40064 ,19713 ,20351 ,1817 ,637 ,1180 ,2 ,6435 
성북구,석관동,16410 ,36723 ,18152 ,18571 ,35763 ,17708 ,18055 ,960 ,444 ,516 ,2 ,6669 
강북구,소계,144805 ,316750 ,154141 ,162609 ,312985 ,152747 ,160238 ,3765 ,1394 ,2371 ,2 ,61660 
강북구,번1동,10311 ,19648 ,9728 ,9920 ,19231 ,9580 ,9651 ,417 ,148 ,269 ,2 ,3496 
강북구,번2동,7663 ,17041 ,8286 ,8755 ,16901 ,8237 ,8664 ,140 ,49 ,91 ,2 ,3880 
강북구,번3동,7593 ,18094 ,8528 ,9566 ,18007 ,8510 ,9497 ,87 ,18 ,69 ,2 ,4513 
강북구,수유1동,10389 ,21734 ,10714 ,11020 ,21470 ,10628 ,10842 ,264 ,86 ,178 ,2 ,4270 
강북구,수유2동,9654 ,21931 ,10517 ,11414 ,21790 ,10474 ,11316 ,141 ,43 ,98 ,2 ,4563 
강북구,수유3동,12776 ,24070 ,11975 ,12095 ,23673 ,11824 ,11849 ,397 ,151 ,246 ,2 ,4424 
강북구,삼양동,11459 ,25334 ,12597 ,12737 ,25143 ,12530 ,12613 ,191 ,67 ,124 ,2 ,4800 
강북구,미아동,11438 ,22799 ,10918 ,11881 ,22276 ,10704 ,11572 ,523 ,214 ,309 ,2 ,4325 
강북구,송중동,13965 ,31331 ,15016 ,16315 ,30702 ,14777 ,15925 ,629 ,239 ,390 ,2 ,5843 
강북구,송천동,13746 ,28475 ,14160 ,14315 ,28002 ,13960 ,14042 ,473 ,200 ,273 ,2 ,5911 
강북구,삼각산동,11749 ,32668 ,15727 ,16941 ,32538 ,15679 ,16859 ,130 ,48 ,82 ,3 ,4218 
강북구,우이동,9507 ,21293 ,10374 ,10919 ,21145 ,10310 ,10835 ,148 ,64 ,84 ,2 ,4618 
강북구,인수동,14555 ,32332 ,15601 ,16731 ,32107 ,15534 ,16573 ,225 ,67 ,158 ,2 ,6799 
도봉구,소계,138595 ,333495 ,162774 ,170721 ,331238 ,161879 ,169359 ,2257 ,895 ,1362 ,2 ,60023 
도봉구,쌍문1동,9343 ,22236 ,10699 ,11537 ,22000 ,10621 ,11379 ,236 ,78 ,158 ,2 ,4278 
도봉구,쌍문2동,8628 ,19875 ,9636 ,10239 ,19682 ,9527 ,10155 ,193 ,109 ,84 ,2 ,3717 
도봉구,쌍문3동,7870 ,17197 ,8324 ,8873 ,17021 ,8259 ,8762 ,176 ,65 ,111 ,2 ,3302 
도봉구,쌍문4동,7167 ,19699 ,9383 ,10316 ,19657 ,9367 ,10290 ,42 ,16 ,26 ,3 ,2813 
도봉구,방학1동,12763 ,29817 ,14787 ,15030 ,29524 ,14680 ,14844 ,293 ,107 ,186 ,2 ,5429 
도봉구,방학2동,9558 ,21016 ,10608 ,10408 ,20818 ,10525 ,10293 ,198 ,83 ,115 ,2 ,4138 
도봉구,방학3동,10061 ,28522 ,13887 ,14635 ,28445 ,13865 ,14580 ,77 ,22 ,55 ,3 ,4599 
도봉구,창1동,10942 ,26078 ,12439 ,13639 ,25916 ,12374 ,13542 ,162 ,65 ,97 ,2 ,4332 
도봉구,창2동,12387 ,30394 ,14876 ,15518 ,30117 ,14755 ,15362 ,277 ,121 ,156 ,2 ,4876 
도봉구,창3동,6635 ,14641 ,7312 ,7329 ,14543 ,7276 ,7267 ,98 ,36 ,62 ,2 ,2816 
도봉구,창4동,10618 ,27696 ,13350 ,14346 ,27593 ,13297 ,14296 ,103 ,53 ,50 ,3 ,3945 
도봉구,창5동,10134 ,25685 ,12312 ,13373 ,25564 ,12276 ,13288 ,121 ,36 ,85 ,3 ,4139 
도봉구,도봉1동,10338 ,22141 ,11188 ,10953 ,21989 ,11137 ,10852 ,152 ,51 ,101 ,2 ,5477 
도봉구,도봉2동,12151 ,28498 ,13973 ,14525 ,28369 ,13920 ,14449 ,129 ,53 ,76 ,2 ,6162 
노원구,소계,217148 ,535495 ,258696 ,276799 ,531037 ,256726 ,274311 ,4458 ,1970 ,2488 ,2 ,82682 
노원구,월계1동,10535 ,23781 ,12283 ,11498 ,23055 ,11908 ,11147 ,726 ,375 ,351 ,2 ,4152 
노원구,월계2동,11975 ,27873 ,13406 ,14467 ,27726 ,13362 ,14364 ,147 ,44 ,103 ,2 ,5463 
노원구,월계3동,12971 ,31378 ,15033 ,16345 ,31175 ,14955 ,16220 ,203 ,78 ,125 ,2 ,5679 
노원구,공릉2동,16270 ,40688 ,19803 ,20885 ,40028 ,19498 ,20530 ,660 ,305 ,355 ,2 ,4972 
노원구,하계1동,11881 ,28864 ,13902 ,14962 ,28222 ,13584 ,14638 ,642 ,318 ,324 ,2 ,4213 
노원구,하계2동,8258 ,23183 ,11073 ,12110 ,23124 ,11051 ,12073 ,59 ,22 ,37 ,3 ,3028 
노원구,중계본동,8847 ,25717 ,12580 ,13137 ,25651 ,12553 ,13098 ,66 ,27 ,39 ,3 ,2577 
노원구,중계1동,9086 ,27903 ,13663 ,14240 ,27819 ,13625 ,14194 ,84 ,38 ,46 ,3 ,2259 
노원구,중계4동,8440 ,21121 ,10227 ,10894 ,21058 ,10206 ,10852 ,63 ,21 ,42 ,3 ,3854 
노원구,상계1동,15543 ,39942 ,19391 ,20551 ,39773 ,19330 ,20443 ,169 ,61 ,108 ,3 ,6602 
노원구,상계2동,8751 ,21062 ,10399 ,10663 ,20888 ,10321 ,10567 ,174 ,78 ,96 ,2 ,3178 
노원구,상계5동,10864 ,25181 ,12246 ,12935 ,25031 ,12189 ,12842 ,150 ,57 ,93 ,2 ,4862 
노원구,상계8동,9233 ,23618 ,11338 ,12280 ,23567 ,11328 ,12239 ,51 ,10 ,41 ,3 ,2706 
노원구,상계9동,8420 ,21707 ,10341 ,11366 ,21614 ,10317 ,11297 ,93 ,24 ,69 ,3 ,3226 
노원구,상계10동,6589 ,16503 ,7601 ,8902 ,16441 ,7574 ,8867 ,62 ,27 ,35 ,3 ,2219 
노원구,상계3.4동,12108 ,27366 ,13573 ,13793 ,27246 ,13539 ,13707 ,120 ,34 ,86 ,2 ,5862 
노원구,상계6.7동,13938 ,34341 ,15946 ,18395 ,34191 ,15890 ,18301 ,150 ,56 ,94 ,2 ,4705 
노원구,중계2.3동,15345 ,36414 ,16845 ,19569 ,36265 ,16793 ,19472 ,149 ,52 ,97 ,2 ,7047 
노원구,공릉1동,18094 ,38853 ,19046 ,19807 ,38163 ,18703 ,19460 ,690 ,343 ,347 ,2 ,6078 
은평구,소계,208209 ,482509 ,231953 ,250556 ,478019 ,230147 ,247872 ,4490 ,1806 ,2684 ,2 ,82245 
은평구,녹번동,17190 ,38439 ,18389 ,20050 ,37974 ,18179 ,19795 ,465 ,210 ,255 ,2 ,6738 
은평구,불광1동,17907 ,40613 ,19236 ,21377 ,40310 ,19109 ,21201 ,303 ,127 ,176 ,2 ,7552 
은평구,갈현1동,11225 ,24318 ,11860 ,12458 ,24080 ,11749 ,12331 ,238 ,111 ,127 ,2 ,4336 
은평구,갈현2동,12640 ,30001 ,14253 ,15748 ,29621 ,14103 ,15518 ,380 ,150 ,230 ,2 ,4768 
은평구,구산동,13254 ,33673 ,16752 ,16921 ,33432 ,16648 ,16784 ,241 ,104 ,137 ,3 ,5962 
은평구,대조동,13942 ,27817 ,13024 ,14793 ,27430 ,12867 ,14563 ,387 ,157 ,230 ,2 ,4930 
은평구,응암1동,11494 ,25548 ,12163 ,13385 ,25251 ,12046 ,13205 ,297 ,117 ,180 ,2 ,4135 
은평구,응암2동,10143 ,25834 ,12572 ,13262 ,25605 ,12476 ,13129 ,229 ,96 ,133 ,3 ,3494 
은평구,신사1동,11783 ,28396 ,13720 ,14676 ,28154 ,13637 ,14517 ,242 ,83 ,159 ,2 ,4718 
은평구,신사2동,9168 ,21686 ,10819 ,10867 ,21538 ,10773 ,10765 ,148 ,46 ,102 ,2 ,3743 
은평구,증산동,6890 ,16006 ,7855 ,8151 ,15858 ,7797 ,8061 ,148 ,58 ,90 ,2 ,3047 
은평구,수색동,3795 ,8808 ,4394 ,4414 ,8740 ,4368 ,4372 ,68 ,26 ,42 ,2 ,1747 
은평구,진관동,21602 ,58032 ,27229 ,30803 ,57785 ,27132 ,30653 ,247 ,97 ,150 ,3 ,7743 
은평구,불광2동,13849 ,29290 ,14243 ,15047 ,28988 ,14113 ,14875 ,302 ,130 ,172 ,2 ,5714 
은평구,응암3동,12630 ,25951 ,12680 ,13271 ,25573 ,12539 ,13034 ,378 ,141 ,237 ,2 ,5511 
은평구,역촌동,20697 ,48097 ,22764 ,25333 ,47680 ,22611 ,25069 ,417 ,153 ,264 ,2 ,8107 
서대문구,소계,142109 ,325875 ,154502 ,171373 ,312642 ,150051 ,162591 ,13233 ,4451 ,8782 ,2 ,53038 
서대문구,천연동,8160 ,18545 ,8839 ,9706 ,18249 ,8693 ,9556 ,296 ,146 ,150 ,2 ,3289 
서대문구,홍제1동,10344 ,24911 ,11708 ,13203 ,24620 ,11578 ,13042 ,291 ,130 ,161 ,2 ,4351 
서대문구,홍제3동,7090 ,16266 ,7914 ,8352 ,16085 ,7840 ,8245 ,181 ,74 ,107 ,2 ,3465 
서대문구,홍제2동,5826 ,14479 ,6881 ,7598 ,14359 ,6831 ,7528 ,120 ,50 ,70 ,2 ,2630 
서대문구,홍은1동,9554 ,23381 ,11315 ,12066 ,23060 ,11175 ,11885 ,321 ,140 ,181 ,2 ,4425 
서대문구,홍은2동,12209 ,28262 ,13668 ,14594 ,27445 ,13333 ,14112 ,817 ,335 ,482 ,2 ,4947 
서대문구,남가좌1동,5970 ,16576 ,7996 ,8580 ,16270 ,7870 ,8400 ,306 ,126 ,180 ,3 ,2141 
서대문구,남가좌2동,12706 ,30061 ,14356 ,15705 ,29058 ,14009 ,15049 ,1003 ,347 ,656 ,2 ,4589 
서대문구,북가좌1동,7002 ,18990 ,9188 ,9802 ,18841 ,9130 ,9711 ,149 ,58 ,91 ,3 ,2901 
서대문구,북가좌2동,14725 ,33607 ,16295 ,17312 ,33224 ,16149 ,17075 ,383 ,146 ,237 ,2 ,6102 
서대문구,충현동,8998 ,18225 ,8784 ,9441 ,17768 ,8587 ,9181 ,457 ,197 ,260 ,2 ,3172 
서대문구,북아현동,7521 ,17456 ,8313 ,9143 ,17040 ,8148 ,8892 ,416 ,165 ,251 ,2 ,2305 
서대문구,신촌동,12604 ,24024 ,9617 ,14407 ,18770 ,8395 ,10375 ,5254 ,1222 ,4032 ,1 ,2229 
서대문구,연희동,19400 ,41092 ,19628 ,21464 ,37853 ,18313 ,19540 ,3239 ,1315 ,1924 ,2 ,6492 
마포구,소계,176133 ,386086 ,181204 ,204882 ,374570 ,176943 ,197627 ,11516 ,4261 ,7255 ,2 ,53283 
마포구,용강동,9187 ,22386 ,10614 ,11772 ,21881 ,10341 ,11540 ,505 ,273 ,232 ,2 ,2879 
마포구,대흥동,7806 ,15177 ,7024 ,8153 ,13243 ,6461 ,6782 ,1934 ,563 ,1371 ,2 ,1970 
마포구,염리동,5661 ,13298 ,6269 ,7029 ,12310 ,5981 ,6329 ,988 ,288 ,700 ,2 ,1782 
마포구,신수동,10193 ,23909 ,11590 ,12319 ,23405 ,11406 ,11999 ,504 ,184 ,320 ,2 ,3279 
마포구,서교동,14163 ,25876 ,11683 ,14193 ,24112 ,11105 ,13007 ,1764 ,578 ,1186 ,2 ,3387 
마포구,합정동,9627 ,19031 ,8807 ,10224 ,18601 ,8640 ,9961 ,430 ,167 ,263 ,2 ,2639 
마포구,망원1동,10642 ,21705 ,10189 ,11516 ,21340 ,10044 ,11296 ,365 ,145 ,220 ,2 ,3380 
마포구,망원2동,8424 ,19346 ,9172 ,10174 ,19141 ,9092 ,10049 ,205 ,80 ,125 ,2 ,2969 
마포구,연남동,8679 ,16818 ,7842 ,8976 ,15748 ,7388 ,8360 ,1070 ,454 ,616 ,2 ,2504 
마포구,성산1동,9444 ,20169 ,9480 ,10689 ,19792 ,9328 ,10464 ,377 ,152 ,225 ,2 ,2910 
마포구,성산2동,18976 ,41447 ,18981 ,22466 ,41135 ,18875 ,22260 ,312 ,106 ,206 ,2 ,5981 
마포구,상암동,12800 ,32589 ,15565 ,17024 ,31969 ,15279 ,16690 ,620 ,286 ,334 ,3 ,3845 
마포구,도화동,9589 ,22544 ,10758 ,11786 ,22259 ,10637 ,11622 ,285 ,121 ,164 ,2 ,3660 
마포구,서강동,11622 ,26021 ,12216 ,13805 ,25098 ,11941 ,13157 ,923 ,275 ,648 ,2 ,3110 
마포구,공덕동,19110 ,40430 ,19141 ,21289 ,39703 ,18789 ,20914 ,727 ,352 ,375 ,2 ,5989 
마포구,아현동,10210 ,25340 ,11873 ,13467 ,24833 ,11636 ,13197 ,507 ,237 ,270 ,2 ,2999 
양천구,소계,177436 ,460532 ,226109 ,234423 ,456339 ,224241 ,232098 ,4193 ,1868 ,2325 ,3 ,62761 
양천구,목1동,10529 ,32231 ,15471 ,16760 ,31981 ,15360 ,16621 ,250 ,111 ,139 ,3 ,2969 
양천구,목2동,13201 ,31383 ,15292 ,16091 ,31105 ,15173 ,15932 ,278 ,119 ,159 ,2 ,3902 
양천구,목3동,9999 ,23058 ,11074 ,11984 ,22869 ,10997 ,11872 ,189 ,77 ,112 ,2 ,3108 
양천구,목4동,10131 ,26774 ,13139 ,13635 ,26515 ,13001 ,13514 ,259 ,138 ,121 ,3 ,3098 
양천구,신월1동,10102 ,21564 ,11039 ,10525 ,21216 ,10893 ,10323 ,348 ,146 ,202 ,2 ,3904 
양천구,신월2동,8532 ,21933 ,10728 ,11205 ,21747 ,10645 ,11102 ,186 ,83 ,103 ,3 ,3662 
양천구,신월3동,8096 ,16554 ,8718 ,7836 ,16312 ,8609 ,7703 ,242 ,109 ,133 ,2 ,2878 
양천구,신월4동,6899 ,18921 ,9273 ,9648 ,18828 ,9245 ,9583 ,93 ,28 ,65 ,3 ,3035 
양천구,신월5동,6415 ,15495 ,7687 ,7808 ,15334 ,7621 ,7713 ,161 ,66 ,95 ,2 ,2305 
양천구,신월6동,2523 ,6700 ,3315 ,3385 ,6657 ,3300 ,3357 ,43 ,15 ,28 ,3 ,1137 
양천구,신월7동,9279 ,21487 ,10539 ,10948 ,21344 ,10502 ,10842 ,143 ,37 ,106 ,2 ,4187 
양천구,신정1동,7231 ,21460 ,10484 ,10976 ,21273 ,10391 ,10882 ,187 ,93 ,94 ,3 ,2574 
양천구,신정2동,7152 ,20708 ,10115 ,10593 ,20469 ,10023 ,10446 ,239 ,92 ,147 ,3 ,2494 
양천구,신정3동,17975 ,48128 ,23483 ,24645 ,47688 ,23270 ,24418 ,440 ,213 ,227 ,3 ,6650 
양천구,신정6동,8179 ,25301 ,12316 ,12985 ,25273 ,12305 ,12968 ,28 ,11 ,17 ,3 ,2529 
양천구,신정7동,11599 ,30684 ,14893 ,15791 ,30462 ,14786 ,15676 ,222 ,107 ,115 ,3 ,4618 
양천구,목5동,13576 ,42889 ,21238 ,21651 ,42824 ,21205 ,21619 ,65 ,33 ,32 ,3 ,4064 
양천구,신정4동,16018 ,35262 ,17305 ,17957 ,34442 ,16915 ,17527 ,820 ,390 ,430 ,2 ,5647 
강서구,소계,263645 ,595703 ,288134 ,307569 ,589302 ,285085 ,304217 ,6401 ,3049 ,3352 ,2 ,85992 
강서구,염창동,15743 ,42421 ,20675 ,21746 ,42292 ,20617 ,21675 ,129 ,58 ,71 ,3 ,4067 
강서구,등촌1동,12275 ,23692 ,11154 ,12538 ,23477 ,11082 ,12395 ,215 ,72 ,143 ,2 ,2725 
강서구,등촌2동,8724 ,21707 ,10684 ,11023 ,21573 ,10627 ,10946 ,134 ,57 ,77 ,2 ,2997 
강서구,등촌3동,14846 ,32267 ,15357 ,16910 ,32067 ,15278 ,16789 ,200 ,79 ,121 ,2 ,6193 
강서구,화곡본동,16564 ,35791 ,17429 ,18362 ,35354 ,17249 ,18105 ,437 ,180 ,257 ,2 ,4636 
강서구,화곡2동,8189 ,19257 ,9346 ,9911 ,18934 ,9210 ,9724 ,323 ,136 ,187 ,2 ,2759 
강서구,화곡3동,9447 ,22548 ,10827 ,11721 ,22375 ,10758 ,11617 ,173 ,69 ,104 ,2 ,3836 
강서구,화곡4동,9643 ,21902 ,10716 ,11186 ,21545 ,10562 ,10983 ,357 ,154 ,203 ,2 ,3613 
강서구,화곡6동,11840 ,25196 ,12383 ,12813 ,24992 ,12307 ,12685 ,204 ,76 ,128 ,2 ,3719 
강서구,화곡8동,11686 ,26304 ,12623 ,13681 ,25797 ,12401 ,13396 ,507 ,222 ,285 ,2 ,4160 
강서구,가양1동,19293 ,34147 ,15885 ,18262 ,33807 ,15687 ,18120 ,340 ,198 ,142 ,2 ,2865 
강서구,가양2동,8055 ,15032 ,7121 ,7911 ,14942 ,7095 ,7847 ,90 ,26 ,64 ,2 ,3721 
강서구,가양3동,7920 ,16101 ,7572 ,8529 ,15989 ,7526 ,8463 ,112 ,46 ,66 ,2 ,3430 
강서구,발산1동,13623 ,38458 ,18294 ,20164 ,38306 ,18236 ,20070 ,152 ,58 ,94 ,3 ,4492 
강서구,공항동,12721 ,28129 ,14418 ,13711 ,27251 ,13788 ,13463 ,878 ,630 ,248 ,2 ,3739 
강서구,방화1동,17476 ,45464 ,22181 ,23283 ,45162 ,22046 ,23116 ,302 ,135 ,167 ,3 ,6228 
강서구,방화2동,11603 ,23942 ,11857 ,12085 ,23601 ,11665 ,11936 ,341 ,192 ,149 ,2 ,4609 
강서구,방화3동,11293 ,24286 ,11734 ,12552 ,24129 ,11685 ,12444 ,157 ,49 ,108 ,2 ,4802 
강서구,화곡1동,26594 ,54449 ,26514 ,27935 ,53317 ,26010 ,27307 ,1132 ,504 ,628 ,2 ,7986 
강서구,우장산동,16110 ,44610 ,21364 ,23246 ,44392 ,21256 ,23136 ,218 ,108 ,110 ,3 ,5415 
구로구,소계,177275 ,438308 ,218970 ,219338 ,405837 ,200558 ,205279 ,32471 ,18412 ,14059 ,2 ,67432 
구로구,신도림동,13371 ,36908 ,18072 ,18836 ,36570 ,17882 ,18688 ,338 ,190 ,148 ,3 ,4384 
구로구,구로1동,8266 ,21951 ,10797 ,11154 ,21454 ,10541 ,10913 ,497 ,256 ,241 ,3 ,2327 
구로구,구로3동,13180 ,26155 ,13349 ,12806 ,24175 ,12284 ,11891 ,1980 ,1065 ,915 ,2 ,3360 
구로구,구로4동,10541 ,25986 ,13174 ,12812 ,20713 ,10098 ,10615 ,5273 ,3076 ,2197 ,2 ,4405 
구로구,구로5동,14561 ,33318 ,16345 ,16973 ,29788 ,14380 ,15408 ,3530 ,1965 ,1565 ,2 ,4516 
구로구,고척1동,9567 ,24080 ,12048 ,12032 ,23618 ,11817 ,11801 ,462 ,231 ,231 ,2 ,4140 
구로구,고척2동,11613 ,28656 ,14219 ,14437 ,28051 ,13901 ,14150 ,605 ,318 ,287 ,2 ,4823 
구로구,개봉2동,12538 ,32786 ,16058 ,16728 ,32271 ,15817 ,16454 ,515 ,241 ,274 ,3 ,5925 
구로구,개봉3동,8853 ,21894 ,10694 ,11200 ,21402 ,10458 ,10944 ,492 ,236 ,256 ,2 ,3962 
구로구,오류1동,11454 ,23364 ,11465 ,11899 ,22608 ,11098 ,11510 ,756 ,367 ,389 ,2 ,3818 
구로구,수궁동,9876 ,24729 ,12256 ,12473 ,24372 ,12071 ,12301 ,357 ,185 ,172 ,2 ,4081 
구로구,가리봉동,5866 ,15181 ,8749 ,6432 ,9306 ,5049 ,4257 ,5875 ,3700 ,2175 ,2 ,2097 
구로구,구로2동,12687 ,34927 ,18259 ,16668 ,25056 ,12643 ,12413 ,9871 ,5616 ,4255 ,2 ,5750 
구로구,개봉1동,13872 ,33402 ,16761 ,16641 ,32334 ,16211 ,16123 ,1068 ,550 ,518 ,2 ,5942 
구로구,오류2동,15566 ,40608 ,19664 ,20944 ,39777 ,19253 ,20524 ,831 ,411 ,420 ,3 ,6574 
구로구,항동,5464 ,14363 ,7060 ,7303 ,14342 ,7055 ,7287 ,21 ,5 ,16 ,3 ,1328 
금천구,소계,111542 ,251370 ,128643 ,122727 ,232583 ,118044 ,114539 ,18787 ,10599 ,8188 ,2 ,38508 
금천구,가산동,14169 ,24732 ,13866 ,10866 ,21354 ,11815 ,9539 ,3378 ,2051 ,1327 ,2 ,2490 
금천구,독산1동,20708 ,44572 ,23230 ,21342 ,42174 ,21814 ,20360 ,2398 ,1416 ,982 ,2 ,5437 
금천구,독산2동,9251 ,21225 ,10846 ,10379 ,19289 ,9796 ,9493 ,1936 ,1050 ,886 ,2 ,3305 
금천구,독산3동,12437 ,29724 ,15308 ,14416 ,25045 ,12616 ,12429 ,4679 ,2692 ,1987 ,2 ,4468 
금천구,독산4동,7629 ,18110 ,9191 ,8919 ,15877 ,7979 ,7898 ,2233 ,1212 ,1021 ,2 ,2812 
금천구,시흥1동,15814 ,36362 ,18312 ,18050 ,34008 ,17022 ,16986 ,2354 ,1290 ,1064 ,2 ,5925 
금천구,시흥2동,8372 ,22422 ,10896 ,11526 ,22300 ,10842 ,11458 ,122 ,54 ,68 ,3 ,3823 
금천구,시흥3동,4724 ,11466 ,5740 ,5726 ,11295 ,5654 ,5641 ,171 ,86 ,85 ,2 ,2218 
금천구,시흥4동,9094 ,22002 ,10935 ,11067 ,21194 ,10524 ,10670 ,808 ,411 ,397 ,2 ,3858 
금천구,시흥5동,9344 ,20755 ,10319 ,10436 ,20047 ,9982 ,10065 ,708 ,337 ,371 ,2 ,4172 
영등포구,소계,177743 ,404766 ,202617 ,202149 ,371903 ,184316 ,187587 ,32863 ,18301 ,14562 ,2 ,59373 
영등포구,여의동,13628 ,34736 ,16356 ,18380 ,34359 ,16143 ,18216 ,377 ,213 ,164 ,3 ,6013 
영등포구,당산1동,10721 ,21498 ,10539 ,10959 ,20978 ,10288 ,10690 ,520 ,251 ,269 ,2 ,3271 
영등포구,당산2동,17586 ,36430 ,17065 ,19365 ,35982 ,16868 ,19114 ,448 ,197 ,251 ,2 ,4383 
영등포구,양평1동,9056 ,18168 ,9028 ,9140 ,17809 ,8844 ,8965 ,359 ,184 ,175 ,2 ,2436 
영등포구,양평2동,10108 ,22736 ,11326 ,11410 ,22474 ,11193 ,11281 ,262 ,133 ,129 ,2 ,2449 
영등포구,신길1동,10275 ,19670 ,10073 ,9597 ,17646 ,8946 ,8700 ,2024 ,1127 ,897 ,2 ,3311 
영등포구,신길3동,7650 ,18589 ,9277 ,9312 ,17215 ,8518 ,8697 ,1374 ,759 ,615 ,2 ,3007 
영등포구,신길4동,4311 ,9873 ,5041 ,4832 ,8886 ,4463 ,4423 ,987 ,578 ,409 ,2 ,1844 
영등포구,신길5동,4614 ,11997 ,5955 ,6042 ,10388 ,5036 ,5352 ,1609 ,919 ,690 ,2 ,1947 
영등포구,신길6동,8512 ,19294 ,9538 ,9756 ,18080 ,8864 ,9216 ,1214 ,674 ,540 ,2 ,3159 
영등포구,신길7동,7755 ,20425 ,10172 ,10253 ,20196 ,10056 ,10140 ,229 ,116 ,113 ,3 ,2283 
영등포구,대림1동,6378 ,16229 ,8352 ,7877 ,12825 ,6408 ,6417 ,3404 ,1944 ,1460 ,2 ,2842 
영등포구,대림2동,6856 ,21101 ,11040 ,10061 ,12554 ,6119 ,6435 ,8547 ,4921 ,3626 ,2 ,2973 
영등포구,대림3동,10422 ,28328 ,14529 ,13799 ,23450 ,11773 ,11677 ,4878 ,2756 ,2122 ,2 ,4242 
영등포구,영등포본동,10242 ,24596 ,12681 ,11915 ,21811 ,11153 ,10658 ,2785 ,1528 ,1257 ,2 ,3959 
영등포구,영등포동,17782 ,27692 ,15002 ,12690 ,26964 ,14643 ,12321 ,728 ,359 ,369 ,2 ,3421 
영등포구,도림동,9340 ,21423 ,10879 ,10544 ,18536 ,9345 ,9191 ,2887 ,1534 ,1353 ,2 ,3334 
영등포구,문래동,12507 ,31981 ,15764 ,16217 ,31750 ,15656 ,16094 ,231 ,108 ,123 ,3 ,4499 
동작구,소계,181761 ,407802 ,196943 ,210859 ,395014 ,191272 ,203742 ,12788 ,5671 ,7117 ,2 ,63378 
동작구,노량진2동,7213 ,13749 ,7093 ,6656 ,12711 ,6535 ,6176 ,1038 ,558 ,480 ,2 ,2669 
동작구,상도1동,21433 ,48023 ,23128 ,24895 ,45749 ,22244 ,23505 ,2274 ,884 ,1390 ,2 ,6703 
동작구,상도2동,12801 ,29013 ,13944 ,15069 ,28634 ,13786 ,14848 ,379 ,158 ,221 ,2 ,4307 
동작구,상도3동,11972 ,25905 ,12424 ,13481 ,25475 ,12213 ,13262 ,430 ,211 ,219 ,2 ,4203 
동작구,상도4동,13518 ,29773 ,14473 ,15300 ,29339 ,14278 ,15061 ,434 ,195 ,239 ,2 ,4790 
동작구,사당1동,13203 ,24012 ,11429 ,12583 ,23342 ,11099 ,12243 ,670 ,330 ,340 ,2 ,3615 
동작구,사당3동,10554 ,25849 ,12526 ,13323 ,25561 ,12397 ,13164 ,288 ,129 ,159 ,2 ,4299 
동작구,사당4동,7069 ,14856 ,7123 ,7733 ,14649 ,7020 ,7629 ,207 ,103 ,104 ,2 ,2551 
동작구,사당5동,5939 ,13416 ,6512 ,6904 ,13303 ,6461 ,6842 ,113 ,51 ,62 ,2 ,2061 
동작구,대방동,17218 ,40002 ,18995 ,21007 ,39557 ,18776 ,20781 ,445 ,219 ,226 ,2 ,5477 
동작구,신대방1동,9944 ,26333 ,12873 ,13460 ,23689 ,11436 ,12253 ,2644 ,1437 ,1207 ,2 ,3623 
동작구,신대방2동,9376 ,20636 ,9874 ,10762 ,20335 ,9747 ,10588 ,301 ,127 ,174 ,2 ,2953 
동작구,흑석동,14336 ,35474 ,16867 ,18607 ,32781 ,15970 ,16811 ,2693 ,897 ,1796 ,2 ,5567 
동작구,노량진1동,15282 ,32572 ,16115 ,16457 ,32182 ,15956 ,16226 ,390 ,159 ,231 ,2 ,5513 
동작구,사당2동,11903 ,28189 ,13567 ,14622 ,27707 ,13354 ,14353 ,482 ,213 ,269 ,2 ,5047 
관악구,소계,270760 ,516662 ,258982 ,257680 ,499374 ,250743 ,248631 ,17288 ,8239 ,9049 ,2 ,76664 
관악구,보라매동,12382 ,26166 ,12802 ,13364 ,24982 ,12228 ,12754 ,1184 ,574 ,610 ,2 ,4294 
관악구,청림동,6565 ,16127 ,7906 ,8221 ,15988 ,7849 ,8139 ,139 ,57 ,82 ,2 ,2672 
관악구,행운동,17294 ,30194 ,14588 ,15606 ,29649 ,14385 ,15264 ,545 ,203 ,342 ,2 ,4189 
관악구,낙성대동,10893 ,17669 ,8880 ,8789 ,16925 ,8543 ,8382 ,744 ,337 ,407 ,2 ,1948 
관악구,중앙동,9601 ,16005 ,7635 ,8370 ,15552 ,7446 ,8106 ,453 ,189 ,264 ,2 ,2357 
관악구,인헌동,14215 ,27056 ,13213 ,13843 ,26650 ,13055 ,13595 ,406 ,158 ,248 ,2 ,3838 
관악구,남현동,9472 ,18962 ,9104 ,9858 ,18761 ,9021 ,9740 ,201 ,83 ,118 ,2 ,2655 
관악구,서원동,14025 ,24106 ,12363 ,11743 ,23220 ,11922 ,11298 ,886 ,441 ,445 ,2 ,3189 
관악구,신원동,10625 ,19708 ,9901 ,9807 ,18482 ,9283 ,9199 ,1226 ,618 ,608 ,2 ,3162 
관악구,서림동,14175 ,24252 ,13290 ,10962 ,23675 ,13066 ,10609 ,577 ,224 ,353 ,2 ,3416 
관악구,신사동,13468 ,26034 ,13089 ,12945 ,22946 ,11476 ,11470 ,3088 ,1613 ,1475 ,2 ,3453 
관악구,신림동,16907 ,22643 ,11657 ,10986 ,21690 ,11190 ,10500 ,953 ,467 ,486 ,1 ,1952 
관악구,난향동,6431 ,16209 ,8014 ,8195 ,16082 ,7945 ,8137 ,127 ,69 ,58 ,3 ,2695 
관악구,조원동,10433 ,19631 ,10051 ,9580 ,17597 ,8937 ,8660 ,2034 ,1114 ,920 ,2 ,2744 
관악구,대학동,15874 ,24638 ,14634 ,10004 ,23565 ,14210 ,9355 ,1073 ,424 ,649 ,1 ,2759 
관악구,은천동,15962 ,35142 ,17174 ,17968 ,34476 ,16873 ,17603 ,666 ,301 ,365 ,2 ,5633 
관악구,성현동,12384 ,30823 ,14948 ,15875 ,30623 ,14863 ,15760 ,200 ,85 ,115 ,2 ,5221 
관악구,청룡동,21478 ,34924 ,16765 ,18159 ,33562 ,16168 ,17394 ,1362 ,597 ,765 ,2 ,4197 
관악구,난곡동,12967 ,28735 ,14456 ,14279 ,28168 ,14189 ,13979 ,567 ,267 ,300 ,2 ,5169 
관악구,삼성동,11427 ,25041 ,12523 ,12518 ,24861 ,12454 ,12407 ,180 ,69 ,111 ,2 ,5664 
관악구,미성동,14182 ,32597 ,15989 ,16608 ,31920 ,15640 ,16280 ,677 ,349 ,328 ,2 ,5457 
서초구,소계,173580 ,434801 ,207877 ,226924 ,430568 ,205787 ,224781 ,4233 ,2090 ,2143 ,2 ,58332 
서초구,서초1동,9298 ,21502 ,10348 ,11154 ,21266 ,10236 ,11030 ,236 ,112 ,124 ,2 ,2941 
서초구,서초2동,8518 ,18975 ,9051 ,9924 ,18689 ,8884 ,9805 ,286 ,167 ,119 ,2 ,2154 
서초구,서초3동,13734 ,31176 ,15171 ,16005 ,30852 ,15020 ,15832 ,324 ,151 ,173 ,2 ,4480 
서초구,서초4동,11023 ,32024 ,15580 ,16444 ,31753 ,15433 ,16320 ,271 ,147 ,124 ,3 ,3975 
서초구,잠원동,14059 ,35058 ,16626 ,18432 ,34846 ,16526 ,18320 ,212 ,100 ,112 ,2 ,3939 
서초구,반포본동,4133 ,12183 ,5742 ,6441 ,12118 ,5707 ,6411 ,65 ,35 ,30 ,3 ,1931 
서초구,반포1동,14420 ,33268 ,16019 ,17249 ,32878 ,15855 ,17023 ,390 ,164 ,226 ,2 ,3394 
서초구,반포2동,5117 ,16400 ,7850 ,8550 ,16225 ,7764 ,8461 ,175 ,86 ,89 ,3 ,1895 
서초구,반포3동,7035 ,20343 ,9606 ,10737 ,20287 ,9576 ,10711 ,56 ,30 ,26 ,3 ,2485 
서초구,반포4동,7310 ,20217 ,9566 ,10651 ,19643 ,9266 ,10377 ,574 ,300 ,274 ,3 ,2730 
서초구,방배본동,7938 ,21539 ,10023 ,11516 ,21336 ,9923 ,11413 ,203 ,100 ,103 ,3 ,2955 
서초구,방배1동,7700 ,17739 ,8334 ,9405 ,17607 ,8274 ,9333 ,132 ,60 ,72 ,2 ,2768 
서초구,방배2동,8751 ,20856 ,9792 ,11064 ,20700 ,9711 ,10989 ,156 ,81 ,75 ,2 ,3415 
서초구,방배3동,8416 ,22226 ,10723 ,11503 ,22072 ,10645 ,11427 ,154 ,78 ,76 ,3 ,3609 
서초구,방배4동,9751 ,23999 ,10981 ,13018 ,23719 ,10847 ,12872 ,280 ,134 ,146 ,2 ,3271 
서초구,양재1동,18253 ,45707 ,21879 ,23828 ,45318 ,21696 ,23622 ,389 ,183 ,206 ,2 ,6550 
서초구,양재2동,10792 ,23089 ,11621 ,11468 ,22824 ,11485 ,11339 ,265 ,136 ,129 ,2 ,2774 
서초구,내곡동,7332 ,18500 ,8965 ,9535 ,18435 ,8939 ,9496 ,65 ,26 ,39 ,3 ,3066 
강남구,소계,233624 ,549898 ,263163 ,286735 ,544804 ,260654 ,284150 ,5094 ,2509 ,2585 ,2 ,72602 
강남구,신사동,7408 ,17487 ,8149 ,9338 ,17208 ,7995 ,9213 ,279 ,154 ,125 ,2 ,2917 
강남구,논현1동,14432 ,23944 ,11175 ,12769 ,23264 ,10843 ,12421 ,680 ,332 ,348 ,2 ,2928 
강남구,논현2동,11404 ,21858 ,10145 ,11713 ,21556 ,10003 ,11553 ,302 ,142 ,160 ,2 ,3054 
강남구,삼성1동,6000 ,14959 ,7498 ,7461 ,14680 ,7313 ,7367 ,279 ,185 ,94 ,2 ,2151 
강남구,삼성2동,13523 ,30674 ,14602 ,16072 ,30436 ,14465 ,15971 ,238 ,137 ,101 ,2 ,3308 
강남구,대치1동,7406 ,25298 ,12719 ,12579 ,25257 ,12698 ,12559 ,41 ,21 ,20 ,3 ,2250 
강남구,대치4동,10156 ,20770 ,9809 ,10961 ,20466 ,9662 ,10804 ,304 ,147 ,157 ,2 ,1974 
강남구,역삼1동,23730 ,36973 ,17773 ,19200 ,35969 ,17309 ,18660 ,1004 ,464 ,540 ,2 ,3551 
강남구,역삼2동,15655 ,37513 ,17613 ,19900 ,37186 ,17449 ,19737 ,327 ,164 ,163 ,2 ,3555 
강남구,도곡1동,8614 ,22651 ,10755 ,11896 ,22494 ,10671 ,11823 ,157 ,84 ,73 ,3 ,2841 
강남구,도곡2동,11824 ,34524 ,16061 ,18463 ,34412 ,15993 ,18419 ,112 ,68 ,44 ,3 ,4528 
강남구,개포1동,2723 ,6890 ,3334 ,3556 ,6865 ,3323 ,3542 ,25 ,11 ,14 ,3 ,1531 
강남구,개포4동,7778 ,18282 ,8972 ,9310 ,18116 ,8899 ,9217 ,166 ,73 ,93 ,2 ,2324 
강남구,일원본동,8178 ,24358 ,11981 ,12377 ,24325 ,11964 ,12361 ,33 ,17 ,16 ,3 ,2724 
강남구,일원1동,7533 ,16407 ,8008 ,8399 ,16242 ,7954 ,8288 ,165 ,54 ,111 ,2 ,3072 
강남구,일원2동,7350 ,18086 ,8736 ,9350 ,18017 ,8715 ,9302 ,69 ,21 ,48 ,2 ,3079 
강남구,수서동,7867 ,15798 ,7219 ,8579 ,15725 ,7198 ,8527 ,73 ,21 ,52 ,2 ,4212 
강남구,세곡동,17928 ,45060 ,21456 ,23604 ,44865 ,21377 ,23488 ,195 ,79 ,116 ,3 ,6203 
강남구,압구정동,10695 ,27802 ,12787 ,15015 ,27631 ,12705 ,14926 ,171 ,82 ,89 ,3 ,4967 
강남구,청담동,12424 ,29479 ,13869 ,15610 ,29214 ,13727 ,15487 ,265 ,142 ,123 ,2 ,4028 
강남구,대치2동,12943 ,38575 ,19612 ,18963 ,38422 ,19526 ,18896 ,153 ,86 ,67 ,3 ,4446 
강남구,개포2동,8053 ,22510 ,10890 ,11620 ,22454 ,10865 ,11589 ,56 ,25 ,31 ,3 ,2959 
송파구,소계,279301 ,680883 ,329058 ,351825 ,674095 ,325859 ,348236 ,6788 ,3199 ,3589 ,2 ,89539 
송파구,풍납1동,6520 ,15332 ,7598 ,7734 ,14509 ,7184 ,7325 ,823 ,414 ,409 ,2 ,2765 
송파구,풍납2동,10914 ,25805 ,12258 ,13547 ,25601 ,12161 ,13440 ,204 ,97 ,107 ,2 ,3550 
송파구,거여1동,5507 ,13163 ,6700 ,6463 ,13056 ,6663 ,6393 ,107 ,37 ,70 ,2 ,2221 
송파구,거여2동,7190 ,16852 ,8263 ,8589 ,16773 ,8236 ,8537 ,79 ,27 ,52 ,2 ,3083 
송파구,마천1동,9013 ,20562 ,10505 ,10057 ,20352 ,10428 ,9924 ,210 ,77 ,133 ,2 ,4049 
송파구,마천2동,8730 ,20108 ,10204 ,9904 ,19920 ,10122 ,9798 ,188 ,82 ,106 ,2 ,3904 
송파구,방이1동,6274 ,16450 ,7920 ,8530 ,16319 ,7857 ,8462 ,131 ,63 ,68 ,3 ,2081 
송파구,방이2동,13937 ,26408 ,12515 ,13893 ,25857 ,12264 ,13593 ,551 ,251 ,300 ,2 ,3312 
송파구,오륜동,5965 ,18837 ,9271 ,9566 ,18826 ,9266 ,9560 ,11 ,5 ,6 ,3 ,2468 
송파구,오금동,15909 ,41029 ,19937 ,21092 ,40831 ,19839 ,20992 ,198 ,98 ,100 ,3 ,5856 
송파구,송파1동,12403 ,25801 ,12164 ,13637 ,25341 ,11912 ,13429 ,460 ,252 ,208 ,2 ,3286 
송파구,송파2동,7482 ,20848 ,10046 ,10802 ,20681 ,9959 ,10722 ,167 ,87 ,80 ,3 ,2737 
송파구,석촌동,17052 ,34097 ,16310 ,17787 ,33368 ,15973 ,17395 ,729 ,337 ,392 ,2 ,4275 
송파구,삼전동,16298 ,32400 ,15369 ,17031 ,31986 ,15200 ,16786 ,414 ,169 ,245 ,2 ,3797 
송파구,가락본동,11953 ,27833 ,13806 ,14027 ,27473 ,13637 ,13836 ,360 ,169 ,191 ,2 ,3477 
송파구,가락1동,9878 ,28032 ,13648 ,14384 ,27945 ,13613 ,14332 ,87 ,35 ,52 ,3 ,2901 
송파구,가락2동,12350 ,33776 ,16555 ,17221 ,33556 ,16451 ,17105 ,220 ,104 ,116 ,3 ,3917 
송파구,문정1동,8537 ,21304 ,10501 ,10803 ,21097 ,10410 ,10687 ,207 ,91 ,116 ,2 ,2787 
송파구,문정2동,15567 ,30070 ,13926 ,16144 ,29891 ,13853 ,16038 ,179 ,73 ,106 ,2 ,3664 
송파구,잠실본동,15256 ,29537 ,13938 ,15599 ,28944 ,13665 ,15279 ,593 ,273 ,320 ,2 ,3566 
송파구,잠실4동,7456 ,22136 ,10665 ,11471 ,22056 ,10629 ,11427 ,80 ,36 ,44 ,3 ,2602 
송파구,잠실6동,5935 ,17479 ,8326 ,9153 ,17267 ,8206 ,9061 ,212 ,120 ,92 ,3 ,2617 
송파구,잠실7동,3469 ,10153 ,4731 ,5422 ,10139 ,4724 ,5415 ,14 ,7 ,7 ,3 ,2041 
송파구,잠실2동,11958 ,36784 ,17609 ,19175 ,36681 ,17548 ,19133 ,103 ,61 ,42 ,3 ,3295 
송파구,잠실3동,12180 ,35931 ,17130 ,18801 ,35727 ,17024 ,18703 ,204 ,106 ,98 ,3 ,5194 
송파구,장지동,12540 ,31815 ,15415 ,16400 ,31613 ,15303 ,16310 ,202 ,112 ,90 ,3 ,4117 
송파구,위례동,9028 ,28341 ,13748 ,14593 ,28286 ,13732 ,14554 ,55 ,16 ,39 ,3 ,1977 
강동구,소계,190019 ,457042 ,225226 ,231816 ,452646 ,223189 ,229457 ,4396 ,2037 ,2359 ,2 ,66401 
강동구,강일동,11231 ,31982 ,15431 ,16551 ,31842 ,15366 ,16476 ,140 ,65 ,75 ,3 ,4640 
강동구,상일동,9586 ,27636 ,13669 ,13967 ,27516 ,13611 ,13905 ,120 ,58 ,62 ,3 ,2878 
강동구,명일1동,9931 ,26538 ,12949 ,13589 ,26440 ,12911 ,13529 ,98 ,38 ,60 ,3 ,3651 
강동구,명일2동,5983 ,17589 ,8677 ,8912 ,17547 ,8662 ,8885 ,42 ,15 ,27 ,3 ,2335 
강동구,고덕1동,8974 ,26753 ,13613 ,13140 ,26644 ,13551 ,13093 ,109 ,62 ,47 ,3 ,2703 
강동구,고덕2동,8059 ,21130 ,10758 ,10372 ,21030 ,10702 ,10328 ,100 ,56 ,44 ,3 ,2554 
강동구,암사2동,6302 ,15521 ,7533 ,7988 ,15469 ,7511 ,7958 ,52 ,22 ,30 ,2 ,2245 
강동구,암사3동,6332 ,18517 ,9049 ,9468 ,18460 ,9022 ,9438 ,57 ,27 ,30 ,3 ,2417 
강동구,천호1동,12820 ,28223 ,13897 ,14326 ,27911 ,13782 ,14129 ,312 ,115 ,197 ,2 ,4896 
강동구,천호3동,13660 ,27543 ,13558 ,13985 ,26997 ,13285 ,13712 ,546 ,273 ,273 ,2 ,4498 
강동구,성내1동,8150 ,20468 ,9914 ,10554 ,20336 ,9860 ,10476 ,132 ,54 ,78 ,3 ,2896 
강동구,성내2동,12638 ,25187 ,12394 ,12793 ,24401 ,11995 ,12406 ,786 ,399 ,387 ,2 ,4083 
강동구,성내3동,10417 ,23887 ,11775 ,12112 ,23577 ,11646 ,11931 ,310 ,129 ,181 ,2 ,3532 
강동구,둔촌1동,164 ,279 ,132 ,147 ,266 ,127 ,139 ,13 ,5 ,8 ,2 ,95 
강동구,둔촌2동,11227 ,27520 ,13611 ,13909 ,27376 ,13550 ,13826 ,144 ,61 ,83 ,2 ,4123 
강동구,암사1동,16145 ,36492 ,18011 ,18481 ,36178 ,17885 ,18293 ,314 ,126 ,188 ,2 ,5751 
강동구,천호2동,17658 ,35714 ,17759 ,17955 ,34925 ,17351 ,17574 ,789 ,408 ,381 ,2 ,5815 
강동구,길동,20742 ,46063 ,22496 ,23567 ,45731 ,22372 ,23359 ,332 ,124 ,208 ,2 ,7289 
